99
2525 1
2400 5
300 2
120 60
60 90
626062036 1
424041771 6141
392088117 1
232745724 7251
271421732 1
7760891 8841
936443217 1
43995471 8297
122986081 1
121497821 5088
794198116 1
672466701 190
1000000000 2
2 2
1 3
242691002 1
108947630 9889
9337893 1
6250463 4690
716848570 1
13907663 8494
588908346 1
381563699 5424
833817492 1
463811915 2445
949797367 1
527364303 6699
177231189 1
14688108 4623
654128158 1
640937349 754
337386660 1
68845780 6751
912781282 1
417969383 6432
438732618 1
95707596 4853
323597074 1
51172051 9602
1000000000 2
12345676 2
12345675 3
688562470 1
12237793 1725
80294576 1
36289557 2622
833543332 1
77640530 4025
2 1
1 1
335228481 1
269793934 819
1000000000 2
200 10000
100 10000
48642224 1
13433426 8641
628170068 1
43030384 4819
642056959 1
497471685 607
36352124 1
7903963 5073
1000000000 2
999999997 2
999999996 3
85061204 1
4497832 7689
303189840 1
44398284 1239
1000000000 1
999999999 10000
58895486 1
28148390 2792
450874226 1
136209919 5343
123628579 1
53248527 4152
704619853 1
604616542 6893
613988881 1
583834912 7272
200329753 1
178099681 3205
452249911 1
164925964 4582
121782734 1
106094709 8417
2096799 1
193258 4096
173093747 1
68086215 7992
382420677 1
216691296 2646
185960018 1
172812095 7097
907449125 1
799918830 406
1000000000 2
999000000 10000
998000000 10000
384126936 1
140107084 7465
777984017 1
541661104 2763
763395923 1
342423280 7316
961388317 1
818596874 9461
609674174 1
53570318 6800
922692032 1
116121075 5058
387897468 1
81807486 9077
885145862 1
867123363 8935
957991185 1
551174683 5703
1000000000 1
999999999 1
877449471 1
719123842 5770
1000000000 1
1 1
245111772 1
173693034 1127
995352875 1
286594575 7499
308696887 1
30027039 567
467859577 1
142063781 5382
963408294 1
196040357 9892
708944415 1
498972672 6597
574805237 2
445754093 8004
110625499 7588
1000000000 2
999999998 2
999999997 3
521628201 1
509775864 3668
255509223 1
202649910 8815
935143701 1
807567689 8753
827747681 1
418151028 2615
382644170 1
301014176 7378
665804146 1
256517789 1202
749392982 1
414721346 4238
841732596 1
530570553 2435
62207909 1
40382121 8344
203395529 1
191201275 82
548241290 1
400676929 7204
95668383 1
41021375 2683
1000000000 1
1 10000
64190378 1
16957836 8076
1000000000 2
998000000 1
999000000 1
200000 2
5000 6
5001 1
2 1
1 10000
39673662 1
34300854 9696
212828907 1
106521724 9719
1000000000 2
999999998 3
999999999 2
262200251 1
243546134 6841
46720747 2
22311330 6045
3620990 3137
84210427 1
73355246 8286
903129579 1
838123847 4879
838722839 1
709181519 4599
455518163 1
92479038 3199
757903356 1
459720373 620
723153107 1
361975402 5366
62661967 1
21295949 1631
